[
    1,
    0,
    0,
    [
        [
            "cc.Skeleton",
            [
                "_name",
                "_hash",
                "_joints",
                "_bindposes"
            ],
            0,
            12
        ]
    ],
    [
        [
            0,
            0,
            1,
            2,
            3,
            4
        ]
    ],
    [
        [
            0,
            "cocos_skel",
            2489756589,
            [
                "Bip002",
                "Bip002/Bip002 Pelvis",
                "Bip002/Bip002 Pelvis/Bip002 Spine",
                "Bip002/Bip002 Pelvis/Bip002 Spine/Bip002 Spine1",
                "Bip002/Bip002 Pelvis/Bip002 Spine/Bip002 Spine1/Bip002 Neck",
                "Bip002/Bip002 Pelvis/Bip002 Spine/Bip002 Spine1/Bip002 Neck/Bip002 L Clavicle",
                "Bip002/Bip002 Pelvis/Bip002 Spine/Bip002 Spine1/Bip002 Neck/Bip002 L Clavicle/Bip002 L UpperArm",
                "Bip002/Bip002 Pelvis/Bip002 Spine/Bip002 Spine1/Bip002 Neck/Bip002 L Clavicle/Bip002 L UpperArm/Bip002 L Forearm",
                "Bip002/Bip002 Pelvis/Bip002 Spine/Bip002 Spine1/Bip002 Neck/Bip002 L Clavicle/Bip002 L UpperArm/Bip002 L Forearm/Bip002 L Hand",
                "Bip002/Bip002 Pelvis/Bip002 Spine/Bip002 Spine1/Bip002 Neck/Bip002 L Clavicle/Bip002 L UpperArm/Bip002 L Forearm/Bip002 L Hand/Bip002 L Finger0",
                "Bip002/Bip002 Pelvis/Bip002 Spine/Bip002 Spine1/Bip002 Neck/Bip002 L Clavicle/Bip002 L UpperArm/Bip002 L Forearm/Bip002 L Hand/Bip002 L Finger0/Bip002 L Finger01",
                "Bip002/Bip002 Pelvis/Bip002 Spine/Bip002 Spine1/Bip002 Neck/Bip002 L Clavicle/Bip002 L UpperArm/Bip002 L Forearm/Bip002 L Hand/Bip002 L Finger0/Bip002 L Finger01/Bip002 L Finger02",
                "Bip002/Bip002 Pelvis/Bip002 Spine/Bip002 Spine1/Bip002 Neck/Bip002 L Clavicle/Bip002 L UpperArm/Bip002 L Forearm/Bip002 L Hand/Bip002 L Finger1",
                "Bip002/Bip002 Pelvis/Bip002 Spine/Bip002 Spine1/Bip002 Neck/Bip002 L Clavicle/Bip002 L UpperArm/Bip002 L Forearm/Bip002 L Hand/Bip002 L Finger1/Bip002 L Finger11",
                "Bip002/Bip002 Pelvis/Bip002 Spine/Bip002 Spine1/Bip002 Neck/Bip002 L Clavicle/Bip002 L UpperArm/Bip002 L Forearm/Bip002 L Hand/Bip002 L Finger1/Bip002 L Finger11/Bip002 L Finger12",
                "Bip002/Bip002 Pelvis/Bip002 Spine/Bip002 Spine1/Bip002 Neck/Bip002 L Clavicle/Bip002 L UpperArm/Bip002 L Forearm/Bip002 L Hand/Bip002 L Finger2",
                "Bip002/Bip002 Pelvis/Bip002 Spine/Bip002 Spine1/Bip002 Neck/Bip002 L Clavicle/Bip002 L UpperArm/Bip002 L Forearm/Bip002 L Hand/Bip002 L Finger2/Bip002 L Finger21",
                "Bip002/Bip002 Pelvis/Bip002 Spine/Bip002 Spine1/Bip002 Neck/Bip002 L Clavicle/Bip002 L UpperArm/Bip002 L Forearm/Bip002 L Hand/Bip002 L Finger2/Bip002 L Finger21/Bip002 L Finger22",
                "Bip002/Bip002 Pelvis/Bip002 Spine/Bip002 Spine1/Bip002 Neck/Bip002 L Clavicle/Bip002 L UpperArm/Bip002 L Forearm/Bip002 L Hand/Bip002 L Finger3",
                "Bip002/Bip002 Pelvis/Bip002 Spine/Bip002 Spine1/Bip002 Neck/Bip002 L Clavicle/Bip002 L UpperArm/Bip002 L Forearm/Bip002 L Hand/Bip002 L Finger3/Bip002 L Finger31",
                "Bip002/Bip002 Pelvis/Bip002 Spine/Bip002 Spine1/Bip002 Neck/Bip002 L Clavicle/Bip002 L UpperArm/Bip002 L Forearm/Bip002 L Hand/Bip002 L Finger3/Bip002 L Finger31/Bip002 L Finger32",
                "Bip002/Bip002 Pelvis/Bip002 Spine/Bip002 Spine1/Bip002 Neck/Bip002 L Clavicle/Bip002 L UpperArm/Bip002 L Forearm/Bip002 L Hand/Bip002 L Finger4",
                "Bip002/Bip002 Pelvis/Bip002 Spine/Bip002 Spine1/Bip002 Neck/Bip002 L Clavicle/Bip002 L UpperArm/Bip002 L Forearm/Bip002 L Hand/Bip002 L Finger4/Bip002 L Finger41",
                "Bip002/Bip002 Pelvis/Bip002 Spine/Bip002 Spine1/Bip002 Neck/Bip002 L Clavicle/Bip002 L UpperArm/Bip002 L Forearm/Bip002 L Hand/Bip002 L Finger4/Bip002 L Finger41/Bip002 L Finger42",
                "Bip002/Bip002 Pelvis/Bip002 Spine/Bip002 Spine1/Bip002 Neck/Bip002 R Clavicle",
                "Bip002/Bip002 Pelvis/Bip002 Spine/Bip002 Spine1/Bip002 Neck/Bip002 R Clavicle/Bip002 R UpperArm",
                "Bip002/Bip002 Pelvis/Bip002 Spine/Bip002 Spine1/Bip002 Neck/Bip002 R Clavicle/Bip002 R UpperArm/Bip002 R Forearm",
                "Bip002/Bip002 Pelvis/Bip002 Spine/Bip002 Spine1/Bip002 Neck/Bip002 R Clavicle/Bip002 R UpperArm/Bip002 R Forearm/Bip002 R Hand",
                "Bip002/Bip002 Pelvis/Bip002 Spine/Bip002 Spine1/Bip002 Neck/Bip002 R Clavicle/Bip002 R UpperArm/Bip002 R Forearm/Bip002 R Hand/Bip002 R Finger0",
                "Bip002/Bip002 Pelvis/Bip002 Spine/Bip002 Spine1/Bip002 Neck/Bip002 R Clavicle/Bip002 R UpperArm/Bip002 R Forearm/Bip002 R Hand/Bip002 R Finger0/Bip002 R Finger01",
                "Bip002/Bip002 Pelvis/Bip002 Spine/Bip002 Spine1/Bip002 Neck/Bip002 R Clavicle/Bip002 R UpperArm/Bip002 R Forearm/Bip002 R Hand/Bip002 R Finger0/Bip002 R Finger01/Bip002 R Finger02",
                "Bip002/Bip002 Pelvis/Bip002 Spine/Bip002 Spine1/Bip002 Neck/Bip002 R Clavicle/Bip002 R UpperArm/Bip002 R Forearm/Bip002 R Hand/Bip002 R Finger1",
                "Bip002/Bip002 Pelvis/Bip002 Spine/Bip002 Spine1/Bip002 Neck/Bip002 R Clavicle/Bip002 R UpperArm/Bip002 R Forearm/Bip002 R Hand/Bip002 R Finger1/Bip002 R Finger11",
                "Bip002/Bip002 Pelvis/Bip002 Spine/Bip002 Spine1/Bip002 Neck/Bip002 R Clavicle/Bip002 R UpperArm/Bip002 R Forearm/Bip002 R Hand/Bip002 R Finger1/Bip002 R Finger11/Bip002 R Finger12",
                "Bip002/Bip002 Pelvis/Bip002 Spine/Bip002 Spine1/Bip002 Neck/Bip002 R Clavicle/Bip002 R UpperArm/Bip002 R Forearm/Bip002 R Hand/Bip002 R Finger2",
                "Bip002/Bip002 Pelvis/Bip002 Spine/Bip002 Spine1/Bip002 Neck/Bip002 R Clavicle/Bip002 R UpperArm/Bip002 R Forearm/Bip002 R Hand/Bip002 R Finger2/Bip002 R Finger21",
                "Bip002/Bip002 Pelvis/Bip002 Spine/Bip002 Spine1/Bip002 Neck/Bip002 R Clavicle/Bip002 R UpperArm/Bip002 R Forearm/Bip002 R Hand/Bip002 R Finger2/Bip002 R Finger21/Bip002 R Finger22",
                "Bip002/Bip002 Pelvis/Bip002 Spine/Bip002 Spine1/Bip002 Neck/Bip002 R Clavicle/Bip002 R UpperArm/Bip002 R Forearm/Bip002 R Hand/Bip002 R Finger3",
                "Bip002/Bip002 Pelvis/Bip002 Spine/Bip002 Spine1/Bip002 Neck/Bip002 R Clavicle/Bip002 R UpperArm/Bip002 R Forearm/Bip002 R Hand/Bip002 R Finger3/Bip002 R Finger31",
                "Bip002/Bip002 Pelvis/Bip002 Spine/Bip002 Spine1/Bip002 Neck/Bip002 R Clavicle/Bip002 R UpperArm/Bip002 R Forearm/Bip002 R Hand/Bip002 R Finger3/Bip002 R Finger31/Bip002 R Finger32",
                "Bip002/Bip002 Pelvis/Bip002 Spine/Bip002 Spine1/Bip002 Neck/Bip002 R Clavicle/Bip002 R UpperArm/Bip002 R Forearm/Bip002 R Hand/Bip002 R Finger4",
                "Bip002/Bip002 Pelvis/Bip002 Spine/Bip002 Spine1/Bip002 Neck/Bip002 R Clavicle/Bip002 R UpperArm/Bip002 R Forearm/Bip002 R Hand/Bip002 R Finger4/Bip002 R Finger41",
                "Bip002/Bip002 Pelvis/Bip002 Spine/Bip002 Spine1/Bip002 Neck/Bip002 R Clavicle/Bip002 R UpperArm/Bip002 R Forearm/Bip002 R Hand/Bip002 R Finger4/Bip002 R Finger41/Bip002 R Finger42",
                "Bip002/Bip002 Pelvis/Bip002 Spine/Bip002 Spine1/Bip002 Neck/Bip002 Head",
                "Bip002/Bip002 Pelvis/Bip002 Spine/Bip002 L Thigh",
                "Bip002/Bip002 Pelvis/Bip002 Spine/Bip002 L Thigh/Bip002 L Calf",
                "Bip002/Bip002 Pelvis/Bip002 Spine/Bip002 L Thigh/Bip002 L Calf/Bip002 L Foot",
                "Bip002/Bip002 Pelvis/Bip002 Spine/Bip002 L Thigh/Bip002 L Calf/Bip002 L Foot/Bip002 L Toe0",
                "Bip002/Bip002 Pelvis/Bip002 Spine/Bip002 R Thigh",
                "Bip002/Bip002 Pelvis/Bip002 Spine/Bip002 R Thigh/Bip002 R Calf",
                "Bip002/Bip002 Pelvis/Bip002 Spine/Bip002 R Thigh/Bip002 R Calf/Bip002 R Foot",
                "Bip002/Bip002 Pelvis/Bip002 Spine/Bip002 R Thigh/Bip002 R Calf/Bip002 R Foot/Bip002 R Toe0"
            ],
            [
                [
                    [
                        7,
                        0.000001370906943520822,
                        0,
                        -1,
                        0,
                        0,
                        1,
                        0,
                        0,
                        1,
                        0,
                        0.000001370906943520822,
                        0,
                        -0.018384279683232307,
                        -1.4394174814224243,
                        -2.520313735487889e-8,
                        1
                    ],
                    [
                        7,
                        -0.0000013868001360606286,
                        1,
                        -0.0000027577070795814507,
                        0,
                        1,
                        0.0000013868000223737909,
                        0,
                        0,
                        3.824388722373229e-12,
                        -0.0000027577070795814507,
                        -1,
                        0,
                        -1.4394174814224243,
                        -0.000001945485792020918,
                        0.018384279683232307,
                        1
                    ],
                    [
                        7,
                        1.0916177961561857e-9,
                        1.0000001192092896,
                        0.0000014026936696609482,
                        0,
                        0.9999997019767761,
                        -2.208607741138735e-9,
                        0.0007963179959915578,
                        0,
                        0.0007963180541992188,
                        0.0000014026924191057333,
                        -0.9999997615814209,
                        0,
                        -1.6922355890274048,
                        -2.1288762752647017e-8,
                        0.016762293875217438,
                        1
                    ],
                    [
                        7,
                        -8.326291123239571e-8,
                        1.0000001192092896,
                        0.0000014052243386686314,
                        0,
                        0.9981539249420166,
                        1.6845628181272332e-7,
                        -0.060735587030649185,
                        0,
                        -0.060735590755939484,
                        0.0000013975729871162912,
                        -0.9981539845466614,
                        0,
                        -2.03208589553833,
                        -3.6785644397241413e-7,
                        0.14171460270881653,
                        1
                    ],
                    [
                        7,
                        8.556218489275125e-8,
                        1.0000001192092896,
                        0.0000014053661061552702,
                        0,
                        0.9980504512786865,
                        -1.7310831879058242e-7,
                        0.06241287291049957,
                        0,
                        0.06241287663578987,
                        0.0000013972860415378818,
                        -0.9980505108833313,
                        0,
                        -2.694465398788452,
                        5.551611366172438e-7,
                        -0.19107219576835632,
                        1
                    ],
                    [
                        7,
                        0.9822540283203125,
                        0.18755564093589783,
                        0.0000013774262015431304,
                        0,
                        -0.18720030784606934,
                        0.9803928136825562,
                        0.06153041124343872,
                        0,
                        0.011539025232195854,
                        -0.06043875589966774,
                        0.9981052875518799,
                        0,
                        0.24119485914707184,
                        -2.471292495727539,
                        -0.08715686947107315,
                        1
                    ],
                    [
                        7,
                        0.5773323774337769,
                        0.8099624514579773,
                        -0.10319074988365173,
                        0,
                        -0.8104954957962036,
                        0.5837955474853516,
                        0.047747764736413956,
                        0,
                        0.098916195333004,
                        0.056069307029247284,
                        0.993514895439148,
                        0,
                        1.6904339790344238,
                        -1.8049393892288208,
                        -0.00392431765794754,
                        1
                    ],
                    [
                        7,
                        0.531536877155304,
                        0.8099625110626221,
                        -0.2478499859571457,
                        0,
                        -0.7711201310157776,
                        0.5837954878807068,
                        0.25407981872558594,
                        0,
                        0.3504888117313385,
                        0.05606932193040848,
                        0.9348871111869812,
                        0,
                        1.138293743133545,
                        -1.8049392700195312,
                        -0.3061979115009308,
                        1
                    ],
                    [
                        7,
                        0.22052259743213654,
                        -0.0418953076004982,
                        0.9744818806648254,
                        0,
                        -0.9459825754165649,
                        -0.2526299059391022,
                        0.20321203768253326,
                        0,
                        0.23766961693763733,
                        -0.9666554927825928,
                        -0.09534277021884918,
                        0,
                        1.2930899858474731,
                        0.6075429916381836,
                        -1.3249390125274658,
                        1
                    ],
                    [
                        7,
                        -0.3465713560581207,
                        0.9304307699203491,
                        0.11910998821258545,
                        0,
                        -0.8218239545822144,
                        -0.3623966574668884,
                        0.4396296739578247,
                        0,
                        0.452210009098053,
                        0.054475732147693634,
                        0.8902463316917419,
                        0,
                        1.5266603231430054,
                        -0.35380733013153076,
                        -1.0623615980148315,
                        1
                    ],
                    [
                        7,
                        -0.3647204637527466,
                        0.9304308295249939,
                        0.03574734926223755,
                        0,
                        -0.9012053608894348,
                        -0.3623966574668884,
                        0.23769253492355347,
                        0,
                        0.23411117494106293,
                        0.05447572469711304,
                        0.9706823825836182,
                        0,
                        1.6621055603027344,
                        -0.3538074493408203,
                        -0.6969326734542847,
                        1
                    ],
                    [
                        7,
                        -0.366295725107193,
                        0.9304307103157043,
                        -0.011238742619752884,
                        0,
                        -0.9242193102836609,
                        -0.36239662766456604,
                        0.12036329507827759,
                        0,
                        0.10791686922311783,
                        0.05447573587298393,
                        0.9926661849021912,
                        0,
                        1.667490839958191,
                        -0.353807270526886,
                        -0.4874696433544159,
                        1
                    ],
                    [
                        7,
                        -0.08940479904413223,
                        0.08982105553150177,
                        0.9919371008872986,
                        0,
                        -0.9626128673553467,
                        -0.2634757459163666,
                        -0.06290377676486969,
                        0,
                        0.2557012438774109,
                        -0.9604752659797668,
                        0.11001893877983093,
                        0,
                        1.3917920589447021,
                        0.5534547567367554,
                        -1.0251199007034302,
                        1
                    ],
                    [
                        7,
                        -0.31633952260017395,
                        0.08982105553150177,
                        0.9443843364715576,
                        0,
                        -0.9219822883605957,
                        -0.2634757459163666,
                        -0.28377625346183777,
                        0,
                        0.2233332246541977,
                        -0.9604752659797668,
                        0.16616125404834747,
                        0,
                        1.5298596620559692,
                        0.5534547567367554,
                        -0.6900835037231445,
                        1
                    ],
                    [
                        7,
                        -0.5261293649673462,
                        0.08982107043266296,
                        0.845647931098938,
                        0,
                        -0.8313823342323303,
                        -0.2634757459163666,
                        -0.4892687201499939,
                        0,
                        0.17886100709438324,
                        -0.9604753255844116,
                        0.2132979929447174,
                        0,
                        1.5867183208465576,
                        0.5534547567367554,
                        -0.33220189809799194,
                        1
                    ],
                    [
                        7,
                        -0.2914985418319702,
                        -0.032150253653526306,
                        0.956031084060669,
                        0,
                        -0.9311684370040894,
                        -0.2192593365907669,
                        -0.29129138588905334,
                        0,
                        0.21898376941680908,
                        -0.9751368165016174,
                        0.033976517617702484,
                        0,
                        1.5764656066894531,
                        0.5773159265518188,
                        -0.6394287347793579,
                        1
                    ],
                    [
                        7,
                        -0.5214112401008606,
                        -0.0321502611041069,
                        0.8526998162269592,
                        0,
                        -0.828679621219635,
                        -0.2192593216896057,
                        -0.514990508556366,
                        0,
                        0.20351938903331757,
                        -0.9751366376876831,
                        0.08768205344676971,
                        0,
                        1.6311850547790527,
                        0.5773159265518188,
                        -0.23893189430236816,
                        1
                    ],
                    [
                        7,
                        -0.7181607484817505,
                        -0.0321502611041069,
                        0.6951343417167664,
                        0,
                        -0.6734845042228699,
                        -0.21925930678844452,
                        -0.7059346437454224,
                        0,
                        0.1751106083393097,
                        -0.9751366972923279,
                        0.1358107328414917,
                        0,
                        1.575501799583435,
                        0.5773158669471741,
                        0.16033077239990234,
                        1
                    ],
                    [
                        7,
                        -0.42356395721435547,
                        -0.142218217253685,
                        0.8946326375007629,
                        0,
                        -0.8965204954147339,
                        -0.07568299770355225,
                        -0.4364890456199646,
                        0,
                        0.12978509068489075,
                        -0.9869377613067627,
                        -0.0954449474811554,
                        0,
                        1.6858915090560913,
                        0.44032081961631775,
                        -0.346687376499176,
                        1
                    ],
                    [
                        7,
                        -0.681889533996582,
                        -0.1422182321548462,
                        0.7174962162971497,
                        0,
                        -0.7152509689331055,
                        -0.07568300515413284,
                        -0.6947574019432068,
                        0,
                        0.1531093269586563,
                        -0.9869377613067627,
                        -0.05011429637670517,
                        0,
                        1.6630570888519287,
                        0.44032084941864014,
                        0.1820579171180725,
                        1
                    ],
                    [
                        7,
                        -0.785188615322113,
                        -0.142218217253685,
                        0.602704644203186,
                        0,
                        -0.5984853506088257,
                        -0.07568299770355225,
                        -0.7975506782531738,
                        0,
                        0.1590406447649002,
                        -0.9869377613067627,
                        -0.02569011226296425,
                        0,
                        1.5608723163604736,
                        0.44032081961631775,
                        0.43006646633148193,
                        1
                    ],
                    [
                        7,
                        -0.28253182768821716,
                        -0.21087124943733215,
                        0.9357934594154358,
                        0,
                        -0.9369363784790039,
                        -0.14856134355068207,
                        -0.3163537383079529,
                        0,
                        0.2057325839996338,
                        -0.9661588668823242,
                        -0.15559956431388855,
                        0,
                        1.5727102756500244,
                        0.5608391761779785,
                        -0.535053014755249,
                        1
                    ],
                    [
                        7,
                        -0.4912514388561249,
                        -0.21087126433849335,
                        0.8451069593429565,
                        0,
                        -0.8383984565734863,
                        -0.14856134355068207,
                        -0.5244210362434387,
                        0,
                        0.23613545298576355,
                        -0.9661588668823242,
                        -0.10381311923265457,
                        0,
                        1.616047739982605,
                        0.5608391165733337,
                        -0.16588270664215088,
                        1
                    ],
                    [
                        7,
                        -0.673346221446991,
                        -0.21087124943733215,
                        0.7086173295974731,
                        0,
                        -0.694421112537384,
                        -0.14856132864952087,
                        -0.7040657997131348,
                        0,
                        0.2537402808666229,
                        -0.9661588668823242,
                        -0.046400200575590134,
                        0,
                        1.5728507041931152,
                        0.5608391165733337,
                        0.20330405235290527,
                        1
                    ],
                    [
                        7,
                        -0.9822540283203125,
                        0.18755580484867096,
                        0.0000013606623952000518,
                        0,
                        -0.18720030784606934,
                        -0.9803928136825562,
                        0.06153041869401932,
                        0,
                        0.011541719548404217,
                        0.06043824553489685,
                        0.9981052875518799,
                        0,
                        0.24119478464126587,
                        2.471292495727539,
                        -0.08715688437223434,
                        1
                    ],
                    [
                        7,
                        -0.5773321986198425,
                        0.809962272644043,
                        0.10319347679615021,
                        0,
                        -0.8104955554008484,
                        -0.5837955474853516,
                        0.04774776101112366,
                        0,
                        0.09891778230667114,
                        -0.05607152730226517,
                        0.9935146570205688,
                        0,
                        1.6904339790344238,
                        1.8049393892288208,
                        -0.003924310207366943,
                        1
                    ],
                    [
                        7,
                        -0.5315359234809875,
                        0.809962272644043,
                        0.24785253405570984,
                        0,
                        -0.7711201310157776,
                        -0.583795428276062,
                        0.25407981872558594,
                        0,
                        0.3504903018474579,
                        -0.056071557104587555,
                        0.9348864555358887,
                        0,
                        1.138293743133545,
                        1.8049391508102417,
                        -0.3061979413032532,
                        1
                    ],
                    [
                        7,
                        -0.2205219268798828,
                        -0.04189269244670868,
                        -0.9744821190834045,
                        0,
                        -0.9459825158119202,
                        0.25262993574142456,
                        0.20321203768253326,
                        0,
                        0.23767022788524628,
                        0.9666556715965271,
                        -0.09534011781215668,
                        0,
                        1.2930898666381836,
                        -0.6075431108474731,
                        -1.3249388933181763,
                        1
                    ],
                    [
                        7,
                        0.34657254815101624,
                        0.93043053150177,
                        -0.11910754442214966,
                        0,
                        -0.8218238353729248,
                        0.36239659786224365,
                        0.4396296739578247,
                        0,
                        0.4522090256214142,
                        -0.0544782355427742,
                        0.890246570110321,
                        0,
                        1.5266602039337158,
                        0.353807270526886,
                        -1.0623615980148315,
                        1
                    ],
                    [
                        7,
                        0.36472105979919434,
                        0.93043053150177,
                        -0.03574470058083534,
                        0,
                        -0.90120530128479,
                        0.36239659786224365,
                        0.23769252002239227,
                        0,
                        0.23411017656326294,
                        -0.0544782355427742,
                        0.9706825017929077,
                        0,
                        1.6621053218841553,
                        0.353807270526886,
                        -0.6969326138496399,
                        1
                    ],
                    [
                        7,
                        0.3662959933280945,
                        0.93043053150177,
                        0.011241436004638672,
                        0,
                        -0.9242193698883057,
                        0.36239659786224365,
                        0.12036330997943878,
                        0,
                        0.10791588574647903,
                        -0.0544782429933548,
                        0.9926662445068359,
                        0,
                        1.667490839958191,
                        0.353807270526886,
                        -0.48746973276138306,
                        1
                    ],
                    [
                        7,
                        0.08940549939870834,
                        0.0898236632347107,
                        -0.9919369220733643,
                        0,
                        -0.9626129865646362,
                        0.26347577571868896,
                        -0.06290376931428909,
                        0,
                        0.2557010054588318,
                        0.9604751467704773,
                        0.11002165824174881,
                        0,
                        1.3917921781539917,
                        -0.5534548163414001,
                        -1.0251200199127197,
                        1
                    ],
                    [
                        7,
                        0.31634020805358887,
                        0.08982367068529129,
                        -0.944383978843689,
                        0,
                        -0.9219824075698853,
                        0.26347577571868896,
                        -0.28377628326416016,
                        0,
                        0.22333240509033203,
                        0.9604750871658325,
                        0.1661638468503952,
                        0,
                        1.5298599004745483,
                        -0.5534548163414001,
                        -0.6900835037231445,
                        1
                    ],
                    [
                        7,
                        0.5261299014091492,
                        0.08982367813587189,
                        -0.845647394657135,
                        0,
                        -0.8313823938369751,
                        0.26347577571868896,
                        -0.48926877975463867,
                        0,
                        0.17885959148406982,
                        0.9604750871658325,
                        0.21330030262470245,
                        0,
                        1.5867183208465576,
                        -0.5534548163414001,
                        -0.33220183849334717,
                        1
                    ],
                    [
                        7,
                        0.2914991080760956,
                        -0.03214762359857559,
                        -0.9560309052467346,
                        0,
                        -0.9311684966087341,
                        0.2192593663930893,
                        -0.29129132628440857,
                        0,
                        0.218982994556427,
                        0.9751369953155518,
                        0.03397912159562111,
                        0,
                        1.5764654874801636,
                        -0.5773160457611084,
                        -0.6394286155700684,
                        1
                    ],
                    [
                        7,
                        0.5214117765426636,
                        -0.032147619873285294,
                        -0.8526996374130249,
                        0,
                        -0.8286797404289246,
                        0.2192593663930893,
                        -0.514990508556366,
                        0,
                        0.20351800322532654,
                        0.975136935710907,
                        0.08768437802791595,
                        0,
                        1.6311852931976318,
                        -0.5773160457611084,
                        -0.2389320731163025,
                        1
                    ],
                    [
                        7,
                        0.7181611657142639,
                        -0.032147616147994995,
                        -0.6951339244842529,
                        0,
                        -0.6734845042228699,
                        0.2192593514919281,
                        -0.7059346437454224,
                        0,
                        0.1751086711883545,
                        0.9751368761062622,
                        0.1358126550912857,
                        0,
                        1.5755016803741455,
                        -0.5773159861564636,
                        0.16033083200454712,
                        1
                    ],
                    [
                        7,
                        0.42356425523757935,
                        -0.1422155499458313,
                        -0.8946328163146973,
                        0,
                        -0.8965205550193787,
                        0.07568300515413284,
                        -0.4364890158176422,
                        0,
                        0.12978394329547882,
                        0.9869382381439209,
                        -0.0954425185918808,
                        0,
                        1.6858915090560913,
                        -0.44032084941864014,
                        -0.3466872572898865,
                        1
                    ],
                    [
                        7,
                        0.6818897724151611,
                        -0.1422155350446701,
                        -0.7174961566925049,
                        0,
                        -0.7152509093284607,
                        0.07568301260471344,
                        -0.6947572827339172,
                        0,
                        0.15310746431350708,
                        0.9869381189346313,
                        -0.05011233687400818,
                        0,
                        1.6630568504333496,
                        -0.44032081961631775,
                        0.1820581555366516,
                        1
                    ],
                    [
                        7,
                        0.7851889133453369,
                        -0.1422155499458313,
                        -0.6027045845985413,
                        0,
                        -0.5984854102134705,
                        0.07568302005529404,
                        -0.797550618648529,
                        0,
                        0.1590384989976883,
                        0.9869381785392761,
                        -0.025688474997878075,
                        0,
                        1.5608723163604736,
                        -0.44032084941864014,
                        0.43006670475006104,
                        1
                    ],
                    [
                        7,
                        0.28253236413002014,
                        -0.21086862683296204,
                        -0.9357938170433044,
                        0,
                        -0.9369363784790039,
                        0.14856131374835968,
                        -0.3163536787033081,
                        0,
                        0.2057318240404129,
                        0.966159462928772,
                        -0.1555970162153244,
                        0,
                        1.5727102756500244,
                        -0.5608391165733337,
                        -0.5350528955459595,
                        1
                    ],
                    [
                        7,
                        0.491252064704895,
                        -0.21086862683296204,
                        -0.8451071977615356,
                        0,
                        -0.8383985757827759,
                        0.14856131374835968,
                        -0.5244210362434387,
                        0,
                        0.2361341416835785,
                        0.9661595225334167,
                        -0.10381081700325012,
                        0,
                        1.6160478591918945,
                        -0.5608391165733337,
                        -0.16588258743286133,
                        1
                    ],
                    [
                        7,
                        0.6733468770980835,
                        -0.21086861193180084,
                        -0.7086173892021179,
                        0,
                        -0.694421112537384,
                        0.14856131374835968,
                        -0.7040657997131348,
                        0,
                        0.25373849272727966,
                        0.966159462928772,
                        -0.046398285776376724,
                        0,
                        1.5728504657745361,
                        -0.560839056968689,
                        0.20330429077148438,
                        1
                    ],
                    [
                        7,
                        1.945255371713084e-12,
                        1,
                        0.000001402693328600435,
                        0,
                        1,
                        -6.131337435379483e-14,
                        -0.0000013430886838250444,
                        0,
                        -0.0000013430887975118821,
                        0.000001402693328600435,
                        -1,
                        0,
                        -2.888314962387085,
                        5.522846180383567e-8,
                        -0.0108213871717453,
                        1
                    ],
                    [
                        7,
                        0.21810665726661682,
                        -0.975469708442688,
                        -0.029805749654769897,
                        0,
                        -0.9757510423660278,
                        -0.2185426652431488,
                        0.012210058979690075,
                        0,
                        -0.018424367532134056,
                        0.026419896632432938,
                        -0.999481201171875,
                        0,
                        1.3472318649291992,
